epoch = 4.8384279475982535
total_flos = 2330174215249920.0
train_loss = 0.37534275054931643
train_runtime = 823.8296
train_samples_per_second = 11.107
train_steps_per_second = 0.17
