epoch = 4.8384279475982535
total_flos = 2330174215249920.0
train_loss = 0.37643887656075614
train_runtime = 819.9455
train_samples_per_second = 11.159
train_steps_per_second = 0.171
