epoch = 4.774193548387097
total_flos = 286267398488064.0
train_loss = 1.1799627939860027
train_runtime = 289.9274
train_samples_per_second = 4.208
train_steps_per_second = 0.052
