epoch = 4.8384279475982535
total_flos = 2330174215249920.0
train_loss = 0.3561471121651786
train_runtime = 821.5696
train_samples_per_second = 11.137
train_steps_per_second = 0.17
