epoch = 4.666666666666667
total_flos = 101037364346880.0
train_loss = 1.9802833557128907
train_runtime = 676.9531
train_samples_per_second = 0.665
train_steps_per_second = 0.007
