epoch = 4.784313725490196
total_flos = 1536582359531520.0
train_loss = 0.6826711554276316
train_runtime = 381.4161
train_samples_per_second = 15.993
train_steps_per_second = 0.249
