epoch = 4.8384279475982535
total_flos = 2330174215249920.0
train_loss = 0.3625812258039202
train_runtime = 809.258
train_samples_per_second = 11.307
train_steps_per_second = 0.173
