epoch = 4.784313725490196
total_flos = 1536582359531520.0
train_loss = 0.6193247744911595
train_runtime = 494.8295
train_samples_per_second = 12.327
train_steps_per_second = 0.192
