epoch = 4.784313725490196
total_flos = 1536582359531520.0
train_loss = 0.6804049040141859
train_runtime = 393.4161
train_samples_per_second = 15.505
train_steps_per_second = 0.241
