epoch = 4.8384279475982535
total_flos = 2330174215249920.0
train_loss = 0.44968526022774835
train_runtime = 829.2418
train_samples_per_second = 11.034
train_steps_per_second = 0.169
