epoch = 4.784313725490196
total_flos = 1536582359531520.0
train_loss = 0.6423058359246505
train_runtime = 370.7403
train_samples_per_second = 16.454
train_steps_per_second = 0.256
