epoch = 4.8384279475982535
total_flos = 2330174215249920.0
train_loss = 0.34666080474853517
train_runtime = 802.8463
train_samples_per_second = 11.397
train_steps_per_second = 0.174
