epoch = 3.3478260869565215
total_flos = 161291417564160.0
train_loss = 1.3264349937438964
train_runtime = 625.9219
train_samples_per_second = 1.462
train_steps_per_second = 0.016
