epoch = 3.3478260869565215
total_flos = 161291417564160.0
train_loss = 1.3059172630310059
train_runtime = 646.9715
train_samples_per_second = 1.414
train_steps_per_second = 0.015
